2023	1	21	22	53
2023	2	20	9	05
2023	3	21	19	23
2023	4	20	7	12
2023	5	19	18	53
2023	6	18	7	37
2023	7	17	21	31
2023	8	16	12	38
2023	9	15	4	39
2023	10	14	20	55
2023	11	13	11	27
2023	12	13	1	32
2024	1	11	13	57
2024	2	10	12	59
2024	3	10	11	00
2024	4	8	21	20
2024	5	8	6	21
2024	6	6	15	37
2024	7	6	1	57
2024	8	4	14	13
2024	9	3	4	55
2024	10	2	21	49
2024	11	1	14	47
2024	12	1	8	21
2024	12	31	12	26
2025	1	29	14	35
2025	2	28	2	44
2025	3	29	13	57
2025	4	27	22	31
2025	5	27	6	02
2025	6	25	13	31
2025	7	24	22	11
2025	8	23	9	06
2025	9	21	22	54
2025	10	21	15	25
2025	11	20	8	47
2025	12	20	3	43
2026	1	18	21	51
2026	2	17	14	01
2026	3	19	3	23
2026	4	17	14	51
2026	5	16	23	01
2026	6	15	5	54
2026	7	14	12	43
2026	8	12	20	36
2026	9	11	6	27
2026	10	10	18	50
2026	11	9	9	02
2026	12	9	2	51
2027	1	7	22	24
2027	2	6	17	56
2027	3	8	11	29
2027	4	7	2	51
2027	5	6	13	58
2027	6	4	22	40
2027	7	4	6	02
2027	8	2	13	05
2027	8	31	20	41
2027	9	30	5	36
2027	10	29	16	36
2027	11	28	5	24
2027	12	27	22	12
2028	1	26	17	12
2028	2	25	12	37
2028	3	26	7	31
2028	4	24	22	46
2028	5	24	11	16
2028	6	22	21	27
2028	7	22	6	01
2028	8	20	13	43
2028	9	18	21	23
2028	10	18	5	56
2028	11	16	15	17
2028	12	16	4	06
2029	1	14	19	24
2029	2	13	12	31
2029	3	15	6	19
2029	4	14	12	40
2029	5	13	16	42
2029	6	12	6	50
2029	7	11	18	51
2029	8	10	4	55
2029	9	8	13	44
2029	10	7	22	14
2029	11	6	6	24
2029	12	5	16	52
2030	1	4	4	49
2030	2	2	18	07
2030	3	4	8	34
2030	4	3	1	02
2030	5	2	17	12
2030	6	1	9	21
2030	7	1	12	34
2030	7	30	14	10
2030	8	29	2	07
2030	9	27	12	54
2030	10	26	23	17
2030	11	25	8	46
2030	12	24	19	32
2031	1	23	6	30
2031	2	21	17	48
2031	3	23	5	49
2031	4	21	19	57
2031	5	21	10	17
2031	6	20	1	24
2031	7	19	16	40
2031	8	18	7	32
2031	9	16	21	46
2031	10	16	11	20
2031	11	14	23	09
2031	12	14	11	05
2032	1	12	22	06
2032	2	11	8	24
2032	3	11	18	24
2032	4	10	5	39
2032	5	9	16	35
2032	6	8	4	32
2032	7	7	17	41
2032	8	6	8	11
2032	9	4	23	56
2032	10	4	16	26
2032	11	3	7	44
2032	12	2	22	52
